0.0,-4.448,-0.613,0.03,400000
7.1e-05,-4.498,-0.563,0.03,400000
0.000161,-4.498,-0.473,0.03,400000
0.000359,-4.358,-0.613,0.03,400000
0.000449,-4.268,-0.613,0.03,400000
0.000775,-4.498,-0.382,0.03,400000
0.000865,-4.498,-0.292,0.03,400000
0.001319,-4.177,-0.613,0.03,400000
0.001409,-4.087,-0.613,0.03,400000
0.001991,-4.498,-0.201,0.03,400000
0.002081,-4.498,-0.111,0.03,400000
0.00279,-3.997,-0.613,0.03,400000
0.002881,-3.906,-0.613,0.03,400000
0.003718,-4.498,-0.021,0.03,400000
0.003809,-4.498,0.07,0.03,400000
0.004774,-3.816,-0.613,0.03,400000
0.004865,-3.725,-0.613,0.03,400000
0.005958,-4.498,0.16,0.03,400000
0.006048,-4.498,0.25,0.03,400000
0.007269,-3.635,-0.613,0.03,400000
0.007359,-3.545,-0.613,0.03,400000
0.008707,-4.498,0.341,0.03,400000
0.008797,-4.498,0.431,0.03,400000
0.010274,-3.454,-0.613,0.03,400000
0.010364,-3.364,-0.613,0.03,400000
0.011968,-4.498,0.522,0.03,400000
0.012058,-4.498,0.612,0.03,400000
0.01379,-3.274,-0.613,0.03,400000
0.013881,-3.183,-0.613,0.03,400000
0.015614,-4.408,0.613,0.03,400000
0.015704,-4.318,0.613,0.03,400000
0.017437,-3.093,-0.613,0.03,400000
0.017528,-3.002,-0.613,0.03,400000
0.019262,-4.228,0.613,0.03,400000
0.019353,-4.137,0.613,0.03,400000
0.021086,-2.912,-0.613,0.03,400000
0.021176,-2.822,-0.613,0.03,400000
0.022909,-4.047,0.613,0.03,400000
0.022999,-3.957,0.613,0.03,400000
0.024733,-2.731,-0.613,0.03,400000
0.024823,-2.641,-0.613,0.03,400000
0.026556,-3.866,0.613,0.03,400000
0.026646,-3.776,0.613,0.03,400000
0.028379,-2.551,-0.613,0.03,400000
0.02847,-2.46,-0.613,0.03,400000
0.030203,-3.685,0.613,0.03,400000
0.030293,-3.595,0.613,0.03,400000
0.032027,-2.37,-0.613,0.03,400000
0.032118,-2.279,-0.613,0.03,400000
0.033851,-3.505,0.613,0.03,400000
0.033942,-3.414,0.613,0.03,400000
0.035675,-2.189,-0.613,0.03,400000
0.035765,-2.099,-0.613,0.03,400000
0.037499,-3.324,0.613,0.03,400000
0.03759,-3.233,0.613,0.03,400000
0.039323,-2.008,-0.613,0.03,400000
0.039413,-1.918,-0.613,0.03,400000
0.041146,-3.143,0.613,0.03,400000
0.041236,-3.053,0.613,0.03,400000
0.042969,-1.828,-0.613,0.03,400000
0.04306,-1.737,-0.613,0.03,400000
0.044793,-2.962,0.613,0.03,400000
0.044883,-2.872,0.613,0.03,400000
0.046616,-1.647,-0.613,0.03,400000
0.046707,-1.556,-0.613,0.03,400000
0.048441,-2.782,0.613,0.03,400000
0.048532,-2.691,0.613,0.03,400000
0.050265,-1.466,-0.613,0.03,400000
0.050355,-1.376,-0.613,0.03,400000
0.052088,-2.601,0.613,0.03,400000
0.052179,-2.51,0.613,0.03,400000
0.053912,-1.285,-0.613,0.03,400000
0.054002,-1.195,-0.613,0.03,400000
0.055735,-2.42,0.613,0.03,400000
0.055825,-2.33,0.613,0.03,400000
0.057559,-1.105,-0.613,0.03,400000
0.05765,-1.014,-0.613,0.03,400000
0.059383,-2.239,0.613,0.03,400000
0.059473,-2.149,0.613,0.03,400000
0.061206,-0.924,-0.613,0.03,400000
0.061297,-0.833,-0.613,0.03,400000
0.063031,-2.059,0.613,0.03,400000
0.063122,-1.968,0.613,0.03,400000
0.064855,-0.743,-0.613,0.03,400000
0.064945,-0.653,-0.613,0.03,400000
0.066678,-1.878,0.613,0.03,400000
0.066769,-1.787,0.613,0.03,400000
0.068502,-0.562,-0.613,0.03,400000
0.068592,-0.472,-0.613,0.03,400000
0.070325,-1.697,0.613,0.03,400000
0.070415,-1.607,0.613,0.03,400000
0.072149,-0.381,-0.613,0.03,400000
0.072239,-0.291,-0.613,0.03,400000
0.073972,-1.516,0.613,0.03,400000
0.074062,-1.426,0.613,0.03,400000
0.075795,-0.201,-0.613,0.03,400000
0.075886,-0.11,-0.613,0.03,400000
0.07762,-1.336,0.613,0.03,400000
0.077711,-1.245,0.613,0.03,400000
0.079444,-0.02,-0.613,0.03,400000
0.079534,0.07,-0.613,0.03,400000
0.081267,-1.155,0.613,0.03,400000
0.081358,-1.064,0.613,0.03,400000
0.083091,0.161,-0.613,0.03,400000
0.083181,0.251,-0.613,0.03,400000
0.084914,-0.974,0.613,0.03,400000
0.085004,-0.884,0.613,0.03,400000
0.086738,0.342,-0.613,0.03,400000
0.086828,0.432,-0.613,0.03,400000
0.088561,-0.793,0.613,0.03,400000
0.088651,-0.703,0.613,0.03,400000
0.090385,0.522,-0.613,0.03,400000
0.090476,0.613,-0.613,0.03,400000
0.092209,-0.613,0.613,0.03,400000
0.0923,-0.522,0.613,0.03,400000
0.094034,0.703,-0.613,0.03,400000
0.094124,0.793,-0.613,0.03,400000
0.095857,-0.432,0.613,0.03,400000
0.095948,-0.341,0.613,0.03,400000
0.097681,0.884,-0.613,0.03,400000
0.097771,0.974,-0.613,0.03,400000
0.099504,-0.251,0.613,0.03,400000
0.099594,-0.161,0.613,0.03,400000
0.101328,1.065,-0.613,0.03,400000
0.101418,1.155,-0.613,0.03,400000
0.103151,-0.07,0.613,0.03,400000
0.103241,0.02,0.613,0.03,400000
0.104974,1.245,-0.613,0.03,400000
0.105065,1.336,-0.613,0.03,400000
0.106799,0.11,0.613,0.03,400000
0.10689,0.201,0.613,0.03,400000
0.108623,1.426,-0.613,0.03,400000
0.108713,1.516,-0.613,0.03,400000
0.110446,0.291,0.613,0.03,400000
0.110537,0.382,0.613,0.03,400000
0.11227,1.607,-0.613,0.03,400000
0.11236,1.697,-0.613,0.03,400000
0.114093,0.472,0.613,0.03,400000
0.114183,0.562,0.613,0.03,400000
0.115917,1.788,-0.613,0.03,400000
0.116007,1.878,-0.613,0.03,400000
0.11774,0.653,0.613,0.03,400000
0.11783,0.743,0.613,0.03,400000
0.119563,1.968,-0.613,0.03,400000
0.119654,2.059,-0.613,0.03,400000
0.121388,0.833,0.613,0.03,400000
0.121479,0.924,0.613,0.03,400000
0.123212,2.149,-0.613,0.03,400000
0.123302,2.239,-0.613,0.03,400000
0.125035,1.014,0.613,0.03,400000
0.125126,1.105,0.613,0.03,400000
0.126859,2.33,-0.613,0.03,400000
0.126949,2.42,-0.613,0.03,400000
0.128683,1.195,0.613,0.03,400000
0.128773,1.285,0.613,0.03,400000
0.130506,2.511,-0.613,0.03,400000
0.130596,2.601,-0.613,0.03,400000
0.13233,1.376,0.613,0.03,400000
0.13242,1.466,0.613,0.03,400000
0.134153,2.691,-0.613,0.03,400000
0.134244,2.782,-0.613,0.03,400000
0.135977,1.556,0.613,0.03,400000
0.136068,1.647,0.613,0.03,400000
0.137802,2.872,-0.613,0.03,400000
0.137892,2.962,-0.613,0.03,400000
0.139625,1.737,0.613,0.03,400000
0.139716,1.828,0.613,0.03,400000
0.141449,3.053,-0.613,0.03,400000
0.141539,3.143,-0.613,0.03,400000
0.143272,1.918,0.613,0.03,400000
0.143362,2.008,0.613,0.03,400000
0.145096,3.234,-0.613,0.03,400000
0.145186,3.324,-0.613,0.03,400000
0.146919,2.099,0.613,0.03,400000
0.147009,2.189,0.613,0.03,400000
0.148742,3.414,-0.613,0.03,400000
0.148833,3.505,-0.613,0.03,400000
0.150567,2.279,0.613,0.03,400000
0.150658,2.37,0.613,0.03,400000
0.152391,3.595,-0.613,0.03,400000
0.152481,3.685,-0.613,0.03,400000
0.154214,2.46,0.613,0.03,400000
0.154305,2.551,0.613,0.03,400000
0.156038,3.776,-0.613,0.03,400000
0.156128,3.866,-0.613,0.03,400000
0.157861,2.641,0.613,0.03,400000
0.157951,2.731,0.613,0.03,400000
0.159685,3.957,-0.613,0.03,400000
0.159775,4.047,-0.613,0.03,400000
0.161508,2.822,0.613,0.03,400000
0.161598,2.912,0.613,0.03,400000
0.163331,4.137,-0.613,0.03,400000
0.163422,4.228,-0.613,0.03,400000
0.165156,3.002,0.613,0.03,400000
0.165247,3.093,0.613,0.03,400000
0.16698,4.318,-0.613,0.03,400000
0.16707,4.408,-0.613,0.03,400000
0.168803,3.183,0.613,0.03,400000
0.168894,3.274,0.613,0.03,400000
0.170626,4.498,-0.612,0.03,400000
0.170717,4.498,-0.521,0.03,400000
0.172321,3.364,0.613,0.03,400000
0.172411,3.454,0.613,0.03,400000
0.173887,4.498,-0.431,0.03,400000
0.173977,4.498,-0.341,0.03,400000
0.175326,3.545,0.613,0.03,400000
0.175416,3.635,0.613,0.03,400000
0.176636,4.498,-0.25,0.03,400000
0.176726,4.498,-0.16,0.03,400000
0.177819,3.726,0.613,0.03,400000
0.177909,3.816,0.613,0.03,400000
0.178874,4.498,-0.07,0.03,400000
0.178965,4.498,0.021,0.03,400000
0.179802,3.906,0.613,0.03,400000
0.179893,3.997,0.613,0.03,400000
0.180602,4.498,0.111,0.03,400000
0.180693,4.498,0.202,0.03,400000
0.181275,4.087,0.613,0.03,400000
0.181365,4.177,0.613,0.03,400000
0.181819,4.498,0.292,0.03,400000
0.181909,4.498,0.382,0.03,400000
0.182235,4.268,0.613,0.03,400000
0.182325,4.358,0.613,0.03,400000
0.182523,4.498,0.473,0.03,400000
0.182613,4.498,0.563,0.03,400000
0.182683,4.449,0.613,0.03,0
0.182785,4.449,0.715,0.03,200000
0.200883,-4.6,0.715,0.03,200000
0.203743,-4.6,-0.715,0.03,200000
0.222145,4.601,-0.715,0.03,200000
0.223809,4.601,0.117,0.03,0
0.234123,-0.545,0.454,0.03,0
0.244118,4.449,0.651,0.03,200000
0.26209,-4.537,0.651,0.03,200000
0.264694,-4.537,-0.651,0.03,200000
0.282842,4.537,-0.651,0.03,200000
0.284124,4.537,-0.01,0.03,200000
0.284124,4.537,-0.01,0.03,0
