0.000000000000,0.751000000000,0.750000000000,1.000000000000,200000.000000000000
0.000000000836,0.750999846846,0.750017501015,1.000000000000,200000.000000000000
0.000000001671,0.750999387429,0.750034996670,1.000000000000,200000.000000000000
0.000000002507,0.750998621891,0.750052481605,1.000000000000,200000.000000000000
0.000000003343,0.750997550466,0.750069950464,1.000000000000,200000.000000000000
0.000000004178,0.750996173483,0.750087397897,1.000000000000,200000.000000000000
0.000000005014,0.750994491362,0.750104818559,1.000000000000,200000.000000000000
0.000000005850,0.750992504620,0.750122207115,1.000000000000,200000.000000000000
0.000000006685,0.750990213865,0.750139558237,1.000000000000,200000.000000000000
0.000000007521,0.750987619799,0.750156866611,1.000000000000,200000.000000000000
0.000000008357,0.750984723215,0.750174126935,1.000000000000,200000.000000000000
0.000000009192,0.750981525002,0.750191333923,1.000000000000,200000.000000000000
0.000000010028,0.750978026139,0.750208482304,1.000000000000,200000.000000000000
0.000000010864,0.750974227698,0.750225566824,1.000000000000,200000.000000000000
0.000000011699,0.750970130842,0.750242582252,1.000000000000,200000.000000000000
0.000000012535,0.750965736827,0.750259523374,1.000000000000,200000.000000000000
0.000000013370,0.750961046997,0.750276385002,1.000000000000,200000.000000000000
0.000000014206,0.750956062790,0.750293161971,1.000000000000,200000.000000000000
0.000000015042,0.750950785733,0.750309849141,1.000000000000,200000.000000000000
0.000000015877,0.750945217441,0.750326441402,1.000000000000,200000.000000000000
0.000000016713,0.750939359621,0.750342933671,1.000000000000,200000.000000000000
0.000000017549,0.750933214066,0.750359320897,1.000000000000,200000.000000000000
0.000000018384,0.750926782660,0.750375598059,1.000000000000,200000.000000000000
0.000000019220,0.750920067371,0.750391760172,1.000000000000,200000.000000000000
0.000000020056,0.750913070258,0.750407802285,1.000000000000,200000.000000000000
0.000000020891,0.750905793463,0.750423719485,1.000000000000,200000.000000000000
0.000000021727,0.750898239216,0.750439506896,1.000000000000,200000.000000000000
0.000000022563,0.750890409829,0.750455159682,1.000000000000,200000.000000000000
0.000000023398,0.750882307702,0.750470673048,1.000000000000,200000.000000000000
0.000000024234,0.750873935317,0.750486042243,1.000000000000,200000.000000000000
0.000000025070,0.750865295237,0.750501262559,1.000000000000,200000.000000000000
0.000000025905,0.750856390109,0.750516329334,1.000000000000,200000.000000000000
0.000000026741,0.750847222661,0.750531237952,1.000000000000,200000.000000000000
0.000000027577,0.750837795702,0.750545983848,1.000000000000,200000.000000000000
0.000000028412,0.750828112118,0.750560562503,1.000000000000,200000.000000000000
0.000000029248,0.750818174876,0.750574969454,1.000000000000,200000.000000000000
0.000000030084,0.750807987019,0.750589200286,1.000000000000,200000.000000000000
0.000000030919,0.750797551669,0.750603250640,1.000000000000,200000.000000000000
0.000000031755,0.750786872022,0.750617116214,1.000000000000,200000.000000000000
0.000000032591,0.750775951349,0.750630792759,1.000000000000,200000.000000000000
0.000000033426,0.750764792994,0.750644276087,1.000000000000,200000.000000000000
0.000000034262,0.750753400377,0.750657562067,1.000000000000,200000.000000000000
0.000000035097,0.750741776987,0.750670646630,1.000000000000,200000.000000000000
0.000000035933,0.750729926383,0.750683525768,1.000000000000,200000.000000000000
0.000000036769,0.750717852197,0.750696195536,1.000000000000,200000.000000000000
0.000000037604,0.750705558125,0.750708652053,1.000000000000,200000.000000000000
0.000000038440,0.750693047936,0.750720891503,1.000000000000,200000.000000000000
0.000000039276,0.750680325459,0.750732910138,1.000000000000,200000.000000000000
0.000000040111,0.750667394592,0.750744704276,1.000000000000,200000.000000000000
0.000000040947,0.750654259297,0.750756270304,1.000000000000,200000.000000000000
0.000000041783,0.750640923596,0.750767604680,1.000000000000,200000.000000000000
0.000000042618,0.750627391574,0.750778703931,1.000000000000,200000.000000000000
0.000000043454,0.750613667377,0.750789564659,1.000000000000,200000.000000000000
0.000000044290,0.750599755208,0.750800183536,1.000000000000,200000.000000000000
0.000000045125,0.750585659328,0.750810557309,1.000000000000,200000.000000000000
0.000000045961,0.750571384056,0.750820682802,1.000000000000,200000.000000000000
0.000000046797,0.750556933763,0.750830556912,1.000000000000,200000.000000000000
0.000000047632,0.750542312877,0.750840176614,1.000000000000,200000.000000000000
0.000000048468,0.750527525875,0.750849538964,1.000000000000,200000.000000000000
0.000000049304,0.750512577288,0.750858641091,1.000000000000,200000.000000000000
0.000000050139,0.750497471693,0.750867480210,1.000000000000,200000.000000000000
0.000000050975,0.750482213719,0.750876053611,1.000000000000,200000.000000000000
0.000000051811,0.750466808038,0.750884358669,1.000000000000,200000.000000000000
0.000000052646,0.750451259369,0.750892392840,1.000000000000,200000.000000000000
0.000000053482,0.750435572476,0.750900153664,1.000000000000,200000.000000000000
0.000000054318,0.750419752163,0.750907638762,1.000000000000,200000.000000000000
0.000000055153,0.750403803276,0.750914845842,1.000000000000,200000.000000000000
0.000000055989,0.750387730701,0.750921772696,1.000000000000,200000.000000000000
0.000000056825,0.750371539360,0.750928417204,1.000000000000,200000.000000000000
0.000000057660,0.750355234213,0.750934777328,1.000000000000,200000.000000000000
0.000000058496,0.750338820255,0.750940851123,1.000000000000,200000.000000000000
0.000000059331,0.750322302513,0.750946636725,1.000000000000,200000.000000000000
0.000000060167,0.750305686047,0.750952132365,1.000000000000,200000.000000000000
0.000000061003,0.750288975947,0.750957336358,1.000000000000,200000.000000000000
0.000000061838,0.750272177330,0.750962247110,1.000000000000,200000.000000000000
0.000000062674,0.750255295344,0.750966863117,1.000000000000,200000.000000000000
0.000000063510,0.750238335158,0.750971182966,1.000000000000,200000.000000000000
0.000000064345,0.750221301968,0.750975205332,1.000000000000,200000.000000000000
0.000000065181,0.750204200991,0.750978928984,1.000000000000,200000.000000000000
0.000000066017,0.750187037465,0.750982352781,1.000000000000,200000.000000000000
0.000000066852,0.750169816648,0.750985475675,1.000000000000,200000.000000000000
0.000000067688,0.750152543815,0.750988296709,1.000000000000,200000.000000000000
0.000000068524,0.750135224256,0.750990815018,1.000000000000,200000.000000000000
0.000000069359,0.750117863277,0.750993029832,1.000000000000,200000.000000000000
0.000000070195,0.750100466196,0.750994940472,1.000000000000,200000.000000000000
0.000000071031,0.750083038340,0.750996546353,1.000000000000,200000.000000000000
0.000000071866,0.750065585049,0.750997846983,1.000000000000,200000.000000000000
0.000000072702,0.750048111669,0.750998841963,1.000000000000,200000.000000000000
0.000000073538,0.750030623552,0.750999530989,1.000000000000,200000.000000000000
0.000000074373,0.750013126055,0.750999913850,1.000000000000,200000.000000000000
0.000000075209,0.749995624537,0.750999990428,1.000000000000,200000.000000000000
0.000000076045,0.749978124359,0.750999760700,1.000000000000,200000.000000000000
0.000000076880,0.749960630882,0.750999224736,1.000000000000,200000.000000000000
0.000000077716,0.749943149464,0.750998382700,1.000000000000,200000.000000000000
0.000000078552,0.749925685460,0.750997234852,1.000000000000,200000.000000000000
0.000000079387,0.749908244219,0.750995781541,1.000000000000,200000.000000000000
0.000000080223,0.749890831084,0.750994023213,1.000000000000,200000.000000000000
0.000000081058,0.749873451388,0.750991960407,1.000000000000,200000.000000000000
0.000000081894,0.749856110455,0.750989593754,1.000000000000,200000.000000000000
0.000000082730,0.749838813597,0.750986923981,1.000000000000,200000.000000000000
0.000000083565,0.749821566111,0.750983951903,1.000000000000,200000.000000000000
0.000000084401,0.749804373282,0.750980678432,1.000000000000,200000.000000000000
0.000000085237,0.749787240374,0.750977104571,1.000000000000,200000.000000000000
0.000000086072,0.749770172637,0.750973231413,1.000000000000,200000.000000000000
0.000000086908,0.749753175299,0.750969060146,1.000000000000,200000.000000000000
0.000000087744,0.749736253564,0.750964592047,1.000000000000,200000.000000000000
0.000000088579,0.749719412618,0.750959828485,1.000000000000,200000.000000000000
0.000000089415,0.749702657618,0.750954770919,1.000000000000,200000.000000000000
0.000000090251,0.749685993697,0.750949420898,1.000000000000,200000.000000000000
0.000000091086,0.749669425958,0.750943780061,1.000000000000,200000.000000000000
0.000000091922,0.749652959478,0.750937850135,1.000000000000,200000.000000000000
0.000000092758,0.749636599299,0.750931632938,1.000000000000,200000.000000000000
0.000000093593,0.749620350433,0.750925130373,1.000000000000,200000.000000000000
0.000000094429,0.749604217857,0.750918344432,1.000000000000,200000.000000000000
0.000000095265,0.749588206513,0.750911277194,1.000000000000,200000.000000000000
0.000000096100,0.749572321305,0.750903930823,1.000000000000,200000.000000000000
0.000000096936,0.749556567098,0.750896307571,1.000000000000,200000.000000000000
0.000000097772,0.749540948720,0.750888409771,1.000000000000,200000.000000000000
0.000000098607,0.749525470952,0.750880239844,1.000000000000,200000.000000000000
0.000000099443,0.749510138537,0.750871800291,1.000000000000,200000.000000000000
0.000000100279,0.749494956172,0.750863093698,1.000000000000,200000.000000000000
0.000000101114,0.749479928505,0.750854122731,1.000000000000,200000.000000000000
0.000000101950,0.749465060141,0.750844890139,1.000000000000,200000.000000000000
0.000000102786,0.749450355634,0.750835398750,1.000000000000,200000.000000000000
0.000000103621,0.749435819489,0.750825651470,1.000000000000,200000.000000000000
0.000000104457,0.749421456156,0.750815651286,1.000000000000,200000.000000000000
0.000000105292,0.749407270037,0.750805401261,1.000000000000,200000.000000000000
0.000000106128,0.749393265476,0.750794904534,1.000000000000,200000.000000000000
0.000000106964,0.749379446764,0.750784164320,1.000000000000,200000.000000000000
0.000000107799,0.749365818133,0.750773183910,1.000000000000,200000.000000000000
0.000000108635,0.749352383757,0.750761966667,1.000000000000,200000.000000000000
0.000000109471,0.749339147752,0.750750516027,1.000000000000,200000.000000000000
0.000000110306,0.749326114172,0.750738835496,1.000000000000,200000.000000000000
0.000000111142,0.749313287009,0.750726928654,1.000000000000,200000.000000000000
0.000000111978,0.749300670193,0.750714799147,1.000000000000,200000.000000000000
0.000000112813,0.749288267587,0.750702450691,1.000000000000,200000.000000000000
0.000000113649,0.749276082992,0.750689887067,1.000000000000,200000.000000000000
0.000000114485,0.749264120139,0.750677112125,1.000000000000,200000.000000000000
0.000000115320,0.749252382692,0.750664129778,1.000000000000,200000.000000000000
0.000000116156,0.749240874248,0.750650944001,1.000000000000,200000.000000000000
0.000000116992,0.749229598330,0.750637558835,1.000000000000,200000.000000000000
0.000000117827,0.749218558394,0.750623978378,1.000000000000,200000.000000000000
0.000000118663,0.749207757820,0.750610206791,1.000000000000,200000.000000000000
0.000000119499,0.749197199917,0.750596248293,1.000000000000,200000.000000000000
0.000000120334,0.749186887919,0.750582107158,1.000000000000,200000.000000000000
0.000000121170,0.749176824984,0.750567787719,1.000000000000,200000.000000000000
0.000000122006,0.749167014196,0.750553294361,1.000000000000,200000.000000000000
0.000000122841,0.749157458558,0.750538631524,1.000000000000,200000.000000000000
0.000000123677,0.749148160998,0.750523803699,1.000000000000,200000.000000000000
0.000000124513,0.749139124365,0.750508815429,1.000000000000,200000.000000000000
0.000000125348,0.749130351425,0.750493671304,1.000000000000,200000.000000000000
0.000000126184,0.749121844867,0.750478375963,1.000000000000,200000.000000000000
0.000000127019,0.749113607295,0.750462934091,1.000000000000,200000.000000000000
0.000000127855,0.749105641233,0.750447350418,1.000000000000,200000.000000000000
0.000000128691,0.749097949122,0.750431629717,1.000000000000,200000.000000000000
0.000000129526,0.749090533317,0.750415776805,1.000000000000,200000.000000000000
0.000000130362,0.749083396089,0.750399796537,1.000000000000,200000.000000000000
0.000000131198,0.749076539626,0.750383693807,1.000000000000,200000.000000000000
0.000000132033,0.749069966027,0.750367473548,1.000000000000,200000.000000000000
0.000000132869,0.749063677305,0.750351140729,1.000000000000,200000.000000000000
0.000000133705,0.749057675388,0.750334700352,1.000000000000,200000.000000000000
0.000000134540,0.749051962113,0.750318157454,1.000000000000,200000.000000000000
0.000000135376,0.749046539231,0.750301517101,1.000000000000,200000.000000000000
0.000000136212,0.749041408402,0.750284784390,1.000000000000,200000.000000000000
0.000000137047,0.749036571199,0.750267964448,1.000000000000,200000.000000000000
0.000000137883,0.749032029103,0.750251062426,1.000000000000,200000.000000000000
0.000000138719,0.749027783504,0.750234083501,1.000000000000,200000.000000000000
0.000000139554,0.749023835705,0.750217032874,1.000000000000,200000.000000000000
0.000000140390,0.749020186913,0.750199915768,1.000000000000,200000.000000000000
0.000000141226,0.749016838247,0.750182737426,1.000000000000,200000.000000000000
0.000000142061,0.749013790732,0.750165503110,1.000000000000,200000.000000000000
0.000000142897,0.749011045302,0.750148218099,1.000000000000,200000.000000000000
0.000000143733,0.749008602797,0.750130887687,1.000000000000,200000.000000000000
0.000000144568,0.749006463967,0.750113517183,1.000000000000,200000.000000000000
0.000000145404,0.749004629465,0.750096111908,1.000000000000,200000.000000000000
0.000000146240,0.749003099855,0.750078677193,1.000000000000,200000.000000000000
0.000000147075,0.749001875604,0.750061218379,1.000000000000,200000.000000000000
0.000000147911,0.749000957087,0.750043740812,1.000000000000,200000.000000000000
0.000000148747,0.749000344587,0.750026249848,1.000000000000,200000.000000000000
0.000000149582,0.749000038289,0.750008750843,1.000000000000,200000.000000000000
0.000000150418,0.749000038289,0.749991249157,1.000000000000,200000.000000000000
0.000000151253,0.749000344587,0.749973750152,1.000000000000,200000.000000000000
0.000000152089,0.749000957087,0.749956259188,1.000000000000,200000.000000000000
0.000000152925,0.749001875604,0.749938781621,1.000000000000,200000.000000000000
0.000000153760,0.749003099855,0.749921322807,1.000000000000,200000.000000000000
0.000000154596,0.749004629465,0.749903888092,1.000000000000,200000.000000000000
0.000000155432,0.749006463967,0.749886482817,1.000000000000,200000.000000000000
0.000000156267,0.749008602797,0.749869112313,1.000000000000,200000.000000000000
0.000000157103,0.749011045302,0.749851781901,1.000000000000,200000.000000000000
0.000000157939,0.749013790732,0.749834496890,1.000000000000,200000.000000000000
0.000000158774,0.749016838247,0.749817262574,1.000000000000,200000.000000000000
0.000000159610,0.749020186913,0.749800084232,1.000000000000,200000.000000000000
0.000000160446,0.749023835705,0.749782967126,1.000000000000,200000.000000000000
0.000000161281,0.749027783504,0.749765916499,1.000000000000,200000.000000000000
0.000000162117,0.749032029103,0.749748937574,1.000000000000,200000.000000000000
0.000000162953,0.749036571199,0.749732035552,1.000000000000,200000.000000000000
0.000000163788,0.749041408402,0.749715215610,1.000000000000,200000.000000000000
0.000000164624,0.749046539231,0.749698482899,1.000000000000,200000.000000000000
0.000000165460,0.749051962113,0.749681842546,1.000000000000,200000.000000000000
0.000000166295,0.749057675388,0.749665299648,1.000000000000,200000.000000000000
0.000000167131,0.749063677305,0.749648859271,1.000000000000,200000.000000000000
0.000000167967,0.749069966027,0.749632526452,1.000000000000,200000.000000000000
0.000000168802,0.749076539626,0.749616306193,1.000000000000,200000.000000000000
0.000000169638,0.749083396089,0.749600203463,1.000000000000,200000.000000000000
0.000000170474,0.749090533317,0.749584223195,1.000000000000,200000.000000000000
0.000000171309,0.749097949122,0.749568370283,1.000000000000,200000.000000000000
0.000000172145,0.749105641233,0.749552649582,1.000000000000,200000.000000000000
0.000000172981,0.749113607295,0.749537065909,1.000000000000,200000.000000000000
0.000000173816,0.749121844867,0.749521624037,1.000000000000,200000.000000000000
0.000000174652,0.749130351425,0.749506328696,1.000000000000,200000.000000000000
0.000000175487,0.749139124365,0.749491184571,1.000000000000,200000.000000000000
0.000000176323,0.749148160998,0.749476196301,1.000000000000,200000.000000000000
0.000000177159,0.749157458558,0.749461368476,1.000000000000,200000.000000000000
0.000000177994,0.749167014196,0.749446705639,1.000000000000,200000.000000000000
0.000000178830,0.749176824984,0.749432212281,1.000000000000,200000.000000000000
0.000000179666,0.749186887919,0.749417892842,1.000000000000,200000.000000000000
0.000000180501,0.749197199917,0.749403751707,1.000000000000,200000.000000000000
0.000000181337,0.749207757820,0.749389793209,1.000000000000,200000.000000000000
0.000000182173,0.749218558394,0.749376021622,1.000000000000,200000.000000000000
0.000000183008,0.749229598330,0.749362441165,1.000000000000,200000.000000000000
0.000000183844,0.749240874248,0.749349055999,1.000000000000,200000.000000000000
0.000000184680,0.749252382692,0.749335870222,1.000000000000,200000.000000000000
0.000000185515,0.749264120139,0.749322887875,1.000000000000,200000.000000000000
0.000000186351,0.749276082992,0.749310112933,1.000000000000,200000.000000000000
0.000000187187,0.749288267587,0.749297549309,1.000000000000,200000.000000000000
0.000000188022,0.749300670193,0.749285200853,1.000000000000,200000.000000000000
0.000000188858,0.749313287009,0.749273071346,1.000000000000,200000.000000000000
0.000000189694,0.749326114172,0.749261164504,1.000000000000,200000.000000000000
0.000000190529,0.749339147752,0.749249483973,1.000000000000,200000.000000000000
0.000000191365,0.749352383757,0.749238033333,1.000000000000,200000.000000000000
0.000000192201,0.749365818133,0.749226816090,1.000000000000,200000.000000000000
0.000000193036,0.749379446764,0.749215835680,1.000000000000,200000.000000000000
0.000000193872,0.749393265476,0.749205095466,1.000000000000,200000.000000000000
0.000000194708,0.749407270037,0.749194598739,1.000000000000,200000.000000000000
0.000000195543,0.749421456156,0.749184348714,1.000000000000,200000.000000000000
0.000000196379,0.749435819489,0.749174348530,1.000000000000,200000.000000000000
0.000000197214,0.749450355634,0.749164601250,1.000000000000,200000.000000000000
0.000000198050,0.749465060141,0.749155109861,1.000000000000,200000.000000000000
0.000000198886,0.749479928505,0.749145877269,1.000000000000,200000.000000000000
0.000000199721,0.749494956172,0.749136906302,1.000000000000,200000.000000000000
0.000000200557,0.749510138537,0.749128199709,1.000000000000,200000.000000000000
0.000000201393,0.749525470952,0.749119760156,1.000000000000,200000.000000000000
0.000000202228,0.749540948720,0.749111590229,1.000000000000,200000.000000000000
0.000000203064,0.749556567098,0.749103692429,1.000000000000,200000.000000000000
0.000000203900,0.749572321305,0.749096069177,1.000000000000,200000.000000000000
0.000000204735,0.749588206513,0.749088722806,1.000000000000,200000.000000000000
0.000000205571,0.749604217857,0.749081655568,1.000000000000,200000.000000000000
0.000000206407,0.749620350433,0.749074869627,1.000000000000,200000.000000000000
0.000000207242,0.749636599299,0.749068367062,1.000000000000,200000.000000000000
0.000000208078,0.749652959478,0.749062149865,1.000000000000,200000.000000000000
0.000000208914,0.749669425958,0.749056219939,1.000000000000,200000.000000000000
0.000000209749,0.749685993697,0.749050579102,1.000000000000,200000.000000000000
0.000000210585,0.749702657618,0.749045229081,1.000000000000,200000.000000000000
0.000000211421,0.749719412618,0.749040171515,1.000000000000,200000.000000000000
0.000000212256,0.749736253564,0.749035407953,1.000000000000,200000.000000000000
0.000000213092,0.749753175299,0.749030939854,1.000000000000,200000.000000000000
0.000000213928,0.749770172637,0.749026768587,1.000000000000,200000.000000000000
0.000000214763,0.749787240374,0.749022895429,1.000000000000,200000.000000000000
0.000000215599,0.749804373282,0.749019321568,1.000000000000,200000.000000000000
0.000000216435,0.749821566111,0.749016048097,1.000000000000,200000.000000000000
0.000000217270,0.749838813597,0.749013076019,1.000000000000,200000.000000000000
0.000000218106,0.749856110455,0.749010406246,1.000000000000,200000.000000000000
0.000000218942,0.749873451388,0.749008039593,1.000000000000,200000.000000000000
0.000000219777,0.749890831084,0.749005976787,1.000000000000,200000.000000000000
0.000000220613,0.749908244219,0.749004218459,1.000000000000,200000.000000000000
0.000000221448,0.749925685460,0.749002765148,1.000000000000,200000.000000000000
0.000000222284,0.749943149464,0.749001617300,1.000000000000,200000.000000000000
0.000000223120,0.749960630882,0.749000775264,1.000000000000,200000.000000000000
0.000000223955,0.749978124359,0.749000239300,1.000000000000,200000.000000000000
0.000000224791,0.749995624537,0.749000009572,1.000000000000,200000.000000000000
0.000000225627,0.750013126055,0.749000086150,1.000000000000,200000.000000000000
0.000000226462,0.750030623552,0.749000469011,1.000000000000,200000.000000000000
0.000000227298,0.750048111669,0.749001158037,1.000000000000,200000.000000000000
0.000000228134,0.750065585049,0.749002153017,1.000000000000,200000.000000000000
0.000000228969,0.750083038340,0.749003453647,1.000000000000,200000.000000000000
0.000000229805,0.750100466196,0.749005059528,1.000000000000,200000.000000000000
0.000000230641,0.750117863277,0.749006970168,1.000000000000,200000.000000000000
0.000000231476,0.750135224256,0.749009184982,1.000000000000,200000.000000000000
0.000000232312,0.750152543815,0.749011703291,1.000000000000,200000.000000000000
0.000000233148,0.750169816648,0.749014524325,1.000000000000,200000.000000000000
0.000000233983,0.750187037465,0.749017647219,1.000000000000,200000.000000000000
0.000000234819,0.750204200991,0.749021071016,1.000000000000,200000.000000000000
0.000000235655,0.750221301968,0.749024794668,1.000000000000,200000.000000000000
0.000000236490,0.750238335158,0.749028817034,1.000000000000,200000.000000000000
0.000000237326,0.750255295344,0.749033136883,1.000000000000,200000.000000000000
0.000000238162,0.750272177330,0.749037752890,1.000000000000,200000.000000000000
0.000000238997,0.750288975947,0.749042663642,1.000000000000,200000.000000000000
0.000000239833,0.750305686047,0.749047867635,1.000000000000,200000.000000000000
0.000000240669,0.750322302513,0.749053363275,1.000000000000,200000.000000000000
0.000000241504,0.750338820255,0.749059148877,1.000000000000,200000.000000000000
0.000000242340,0.750355234213,0.749065222672,1.000000000000,200000.000000000000
0.000000243175,0.750371539360,0.749071582796,1.000000000000,200000.000000000000
0.000000244011,0.750387730701,0.749078227304,1.000000000000,200000.000000000000
0.000000244847,0.750403803276,0.749085154158,1.000000000000,200000.000000000000
0.000000245682,0.750419752163,0.749092361238,1.000000000000,200000.000000000000
0.000000246518,0.750435572476,0.749099846336,1.000000000000,200000.000000000000
0.000000247354,0.750451259369,0.749107607160,1.000000000000,200000.000000000000
0.000000248189,0.750466808038,0.749115641331,1.000000000000,200000.000000000000
0.000000249025,0.750482213719,0.749123946389,1.000000000000,200000.000000000000
0.000000249861,0.750497471693,0.749132519790,1.000000000000,200000.000000000000
0.000000250696,0.750512577288,0.749141358909,1.000000000000,200000.000000000000
0.000000251532,0.750527525875,0.749150461036,1.000000000000,200000.000000000000
0.000000252368,0.750542312877,0.749159823386,1.000000000000,200000.000000000000
0.000000253203,0.750556933763,0.749169443088,1.000000000000,200000.000000000000
0.000000254039,0.750571384056,0.749179317198,1.000000000000,200000.000000000000
0.000000254875,0.750585659328,0.749189442691,1.000000000000,200000.000000000000
0.000000255710,0.750599755208,0.749199816464,1.000000000000,200000.000000000000
0.000000256546,0.750613667377,0.749210435341,1.000000000000,200000.000000000000
0.000000257382,0.750627391574,0.749221296069,1.000000000000,200000.000000000000
0.000000258217,0.750640923596,0.749232395320,1.000000000000,200000.000000000000
0.000000259053,0.750654259297,0.749243729696,1.000000000000,200000.000000000000
0.000000259889,0.750667394592,0.749255295724,1.000000000000,200000.000000000000
0.000000260724,0.750680325459,0.749267089862,1.000000000000,200000.000000000000
0.000000261560,0.750693047936,0.749279108497,1.000000000000,200000.000000000000
0.000000262396,0.750705558125,0.749291347947,1.000000000000,200000.000000000000
0.000000263231,0.750717852197,0.749303804464,1.000000000000,200000.000000000000
0.000000264067,0.750729926383,0.749316474232,1.000000000000,200000.000000000000
0.000000264903,0.750741776987,0.749329353370,1.000000000000,200000.000000000000
0.000000265738,0.750753400377,0.749342437933,1.000000000000,200000.000000000000
0.000000266574,0.750764792994,0.749355723913,1.000000000000,200000.000000000000
0.000000267409,0.750775951349,0.749369207241,1.000000000000,200000.000000000000
0.000000268245,0.750786872022,0.749382883786,1.000000000000,200000.000000000000
0.000000269081,0.750797551669,0.749396749360,1.000000000000,200000.000000000000
0.000000269916,0.750807987019,0.749410799714,1.000000000000,200000.000000000000
0.000000270752,0.750818174876,0.749425030546,1.000000000000,200000.000000000000
0.000000271588,0.750828112118,0.749439437497,1.000000000000,200000.000000000000
0.000000272423,0.750837795702,0.749454016152,1.000000000000,200000.000000000000
0.000000273259,0.750847222661,0.749468762048,1.000000000000,200000.000000000000
0.000000274095,0.750856390109,0.749483670666,1.000000000000,200000.000000000000
0.000000274930,0.750865295237,0.749498737441,1.000000000000,200000.000000000000
0.000000275766,0.750873935317,0.749513957757,1.000000000000,200000.000000000000
0.000000276602,0.750882307702,0.749529326952,1.000000000000,200000.000000000000
0.000000277437,0.750890409829,0.749544840318,1.000000000000,200000.000000000000
0.000000278273,0.750898239216,0.749560493104,1.000000000000,200000.000000000000
0.000000279109,0.750905793463,0.749576280515,1.000000000000,200000.000000000000
0.000000279944,0.750913070258,0.749592197715,1.000000000000,200000.000000000000
0.000000280780,0.750920067371,0.749608239828,1.000000000000,200000.000000000000
0.000000281616,0.750926782660,0.749624401941,1.000000000000,200000.000000000000
0.000000282451,0.750933214066,0.749640679103,1.000000000000,200000.000000000000
0.000000283287,0.750939359621,0.749657066329,1.000000000000,200000.000000000000
0.000000284123,0.750945217441,0.749673558598,1.000000000000,200000.000000000000
0.000000284958,0.750950785733,0.749690150859,1.000000000000,200000.000000000000
0.000000285794,0.750956062790,0.749706838029,1.000000000000,200000.000000000000
0.000000286630,0.750961046997,0.749723614998,1.000000000000,200000.000000000000
0.000000287465,0.750965736827,0.749740476626,1.000000000000,200000.000000000000
0.000000288301,0.750970130842,0.749757417748,1.000000000000,200000.000000000000
0.000000289136,0.750974227698,0.749774433176,1.000000000000,200000.000000000000
0.000000289972,0.750978026139,0.749791517696,1.000000000000,200000.000000000000
0.000000290808,0.750981525002,0.749808666077,1.000000000000,200000.000000000000
0.000000291643,0.750984723215,0.749825873065,1.000000000000,200000.000000000000
0.000000292479,0.750987619799,0.749843133389,1.000000000000,200000.000000000000
0.000000293315,0.750990213865,0.749860441763,1.000000000000,200000.000000000000
0.000000294150,0.750992504620,0.749877792885,1.000000000000,200000.000000000000
0.000000294986,0.750994491362,0.749895181441,1.000000000000,200000.000000000000
0.000000295822,0.750996173483,0.749912602103,1.000000000000,200000.000000000000
0.000000296657,0.750997550466,0.749930049536,1.000000000000,200000.000000000000
0.000000297493,0.750998621891,0.749947518395,1.000000000000,200000.000000000000
0.000000298329,0.750999387429,0.749965003330,1.000000000000,200000.000000000000
0.000000299164,0.750999846846,0.749982498985,1.000000000000,200000.000000000000
0.000000300000,0.751000000000,0.750000000000,1.000000000000,200000.000000000000