0,0.0,0.5,0.8,0.1,200000.0
1,0.003,3.5,0.8,0.1,200000.0
2,0.0034,3.5,1.2,0.1,200000.0
3,0.0064,0.5,1.2,0.1,200000.0
4,0.0067,0.5,0.9,0.1,200000.0
5,0.0086,3.4,0.9,0.1,200000.0
6,0.0087,3.4,1.0,0.1,200000.0
7,0.0105,0.6,1.0,0.1,200000.0
8,0.0106,0.6,1.1,0.1,200000.0
9,0.0124,3.4,1.1,0.1,200000.0
10,0.0124,3.4,1.1,0.1,0.0
11,0.0137,0.5,0.8,0.15,0.0
12,0.015,0.5,0.8,0.15,0.0

13,0.015,0.5,0.8,0.15,200000.0
14,0.018,3.5,0.8,0.15,200000.0
15,0.0184,3.5,1.2,0.15,200000.0
16,0.0214,0.5,1.2,0.15,200000.0
17,0.0217,0.5,0.9,0.15,200000.0
18,0.0236,3.4,0.9,0.15,200000.0
19,0.0237,3.4,1.0,0.15,200000.0
20,0.0255,0.6,1.0,0.15,200000.0
21,0.0256,0.6,1.1,0.15,200000.0
22,0.0274,3.4,1.1,0.15,200000.0
23,0.0274,3.4,1.1,0.15,0.0
24,0.03,0.5,0.8,0.15,0.0
