0, 0.0, 1.0, 0.5, 0.1, 150000.0
1, 0.004, 4.0, 0.5, 0.1, 150000.0
2, 0.006, 4.0, 1.5, 0.1, 150000.0
3, 0.01, 1.0, 1.5, 0.1, 150000.0
4, 0.011, 1.0, 1.0, 0.1, 150000.0
5, 0.015, 3.75, 1.0, 0.1, 150000.0
6, 0.015, 3.75, 1.0, 0.1, 0.0
7, 0.02, 1.0, 0.5, 0.15, 0.0
8, 0.025, 1.0, 0.5, 0.15, 0.0

9, 0.025, 1.0, 0.5, 0.15, 150000.0
10, 0.029, 4.0, 0.5, 0.15, 150000.0
11, 0.031, 4.0, 1.5, 0.15, 150000.0
12, 0.035, 1.0, 1.5, 0.15, 150000.0
13, 0.036, 1.0, 1.0, 0.15, 150000.0
14, 0.040, 3.75, 1.0, 0.15, 150000.0
15, 0.040, 3.75, 1.0, 0.15, 0.0
16, 0.045, 1.0, 0.5, 0.20, 0.0
17, 0.050, 1.0, 0.5, 0.20, 0.0

18, 0.050, 1.0, 0.5, 0.20, 150000.0
19, 0.054, 4.0, 0.5, 0.20, 150000.0
20, 0.056, 4.0, 1.5, 0.20, 150000.0
21, 0.060, 1.0, 1.5, 0.20, 150000.0
22, 0.061, 1.0, 1.0, 0.20, 150000.0
23, 0.065, 3.75, 1.0, 0.20, 150000.0
24, 0.065, 3.75, 1.0, 0.20, 0.0
25, 0.075, 1.0, 0.5, 0.20, 0.0