0.0,0.5,0.8,0.1,200000.0
0.003,3.5,0.8,0.1,200000.0
0.0034,3.5,1.2,0.1,200000.0
0.0064,0.5,1.2,0.1,200000.0
0.0067,0.5,0.9,0.1,200000.0
0.0086,3.4,0.9,0.1,200000.0
0.0087,3.4,1.0,0.1,200000.0
0.0105,0.6,1.0,0.1,200000.0
0.0106,0.6,1.1,0.1,200000.0
0.0124,3.4,1.1,0.1,200000.0
0.0124,3.4,1.1,0.1,0.0
0.0137,0.5,0.8,0.15,0.0
0.015,0.5,0.8,0.15,0.0

0.015,0.5,0.8,0.15,200000.0
0.018,3.5,0.8,0.15,200000.0
0.0184,3.5,1.2,0.15,200000.0
0.0214,0.5,1.2,0.15,200000.0
0.0217,0.5,0.9,0.15,200000.0
0.0236,3.4,0.9,0.15,200000.0
0.0237,3.4,1.0,0.15,200000.0
0.0255,0.6,1.0,0.15,200000.0
0.0256,0.6,1.1,0.15,200000.0
0.0274,3.4,1.1,0.15,200000.0
0.0274,3.4,1.1,0.15,0.0
0.0287,0.5,0.8,0.2,0.0
0.03,0.5,0.8,0.2,0.0

0.03,0.5,0.8,0.2,200000.0
0.033,3.5,0.8,0.2,200000.0
0.0334,3.5,1.2,0.2,200000.0
0.0364,0.5,1.2,0.2,200000.0
0.0367,0.5,0.9,0.2,200000.0
0.0386,3.4,0.9,0.2,200000.0
0.0387,3.4,1.0,0.2,200000.0
0.0405,0.6,1.0,0.2,200000.0
0.0406,0.6,1.1,0.2,200000.0
0.0424,3.4,1.1,0.2,200000.0
0.0424,3.4,1.1,0.2,0.0
0.0437,0.5,0.8,0.25,0.0
0.045,0.5,0.8,0.25,0.0

0.045,0.5,0.8,0.25,200000.0
0.048,3.5,0.8,0.25,200000.0
0.0484,3.5,1.2,0.25,200000.0
0.0514,0.5,1.2,0.25,200000.0
0.0517,0.5,0.9,0.25,200000.0
0.0536,3.4,0.9,0.25,200000.0
0.0537,3.4,1.0,0.25,200000.0
0.0555,0.6,1.0,0.25,200000.0
0.0556,0.6,1.1,0.25,200000.0
0.0574,3.4,1.1,0.25,200000.0
0.0574,3.4,1.1,0.25,0.0
0.0587,0.5,0.8,0.3,0.0
0.06,0.5,0.8,0.3,0.0

0.06,0.5,0.8,0.3,200000.0
0.063,3.5,0.8,0.3,200000.0
0.0634,3.5,1.2,0.3,200000.0
0.0664,0.5,1.2,0.3,200000.0
0.0667,0.5,0.9,0.3,200000.0
0.0686,3.4,0.9,0.3,200000.0
0.0687,3.4,1.0,0.3,200000.0
0.0705,0.6,1.0,0.3,200000.0
0.0706,0.6,1.1,0.3,200000.0
0.0724,3.4,1.1,0.3,200000.0
0.0724,3.4,1.1,0.3,0.0
0.0737,0.5,0.8,0.35,0.0
0.075,0.5,0.8,0.35,0.0

0.075,0.5,0.8,0.35,200000.0
0.078,3.5,0.8,0.35,200000.0
0.0784,3.5,1.2,0.35,200000.0
0.0814,0.5,1.2,0.35,200000.0
0.0817,0.5,0.9,0.35,200000.0
0.0836,3.4,0.9,0.35,200000.0
0.0837,3.4,1.0,0.35,200000.0
0.0855,0.6,1.0,0.35,200000.0
0.0856,0.6,1.1,0.35,200000.0
0.0874,3.4,1.1,0.35,200000.0
0.0874,3.4,1.1,0.35,0.0
0.0887,0.5,0.8,0.4,0.0
0.09,0.5,0.8,0.4,0.0

0.09,0.5,0.8,0.4,200000.0
0.093,3.5,0.8,0.4,200000.0
0.0934,3.5,1.2,0.4,200000.0
0.0964,0.5,1.2,0.4,200000.0
0.0967,0.5,0.9,0.4,200000.0
0.0986,3.4,0.9,0.4,200000.0
0.0987,3.4,1.0,0.4,200000.0
0.1005,0.6,1.0,0.4,200000.0
0.1006,0.6,1.1,0.4,200000.0
0.1024,3.4,1.1,0.4,200000.0
0.1024,3.4,1.1,0.4,0.0
0.1037,0.5,0.8,0.45,0.0
0.105,0.5,0.8,0.45,0.0

0.105,0.5,0.8,0.45,200000.0
0.108,3.5,0.8,0.45,200000.0
0.1084,3.5,1.2,0.45,200000.0
0.1114,0.5,1.2,0.45,200000.0
0.1117,0.5,0.9,0.45,200000.0
0.1136,3.4,0.9,0.45,200000.0
0.1137,3.4,1.0,0.45,200000.0
0.1155,0.6,1.0,0.45,200000.0
0.1156,0.6,1.1,0.45,200000.0
0.1174,3.4,1.1,0.45,200000.0
0.1174,3.4,1.1,0.45,0.0
0.1187,0.5,0.8,0.5,0.0
0.12,0.5,0.8,0.5,0.0

0.12,0.5,0.8,0.5,200000.0
0.123,3.5,0.8,0.5,200000.0
0.1234,3.5,1.2,0.5,200000.0
0.1264,0.5,1.2,0.5,200000.0
0.1267,0.5,0.9,0.5,200000.0
0.1286,3.4,0.9,0.5,200000.0
0.1287,3.4,1.0,0.5,200000.0
0.1305,0.6,1.0,0.5,200000.0
0.1306,0.6,1.1,0.5,200000.0
0.1324,3.4,1.1,0.5,200000.0
0.1324,3.4,1.1,0.5,0.0
0.1337,0.5,0.8,0.55,0.0
0.135,0.5,0.8,0.55,0.0

0.135,0.5,0.8,0.55,200000.0
0.138,3.5,0.8,0.55,200000.0
0.1384,3.5,1.2,0.55,200000.0
0.1414,0.5,1.2,0.55,200000.0
0.1417,0.5,0.9,0.55,200000.0
0.1436,3.4,0.9,0.55,200000.0
0.1437,3.4,1.0,0.55,200000.0
0.1455,0.6,1.0,0.55,200000.0
0.1456,0.6,1.1,0.55,200000.0
0.1474,3.4,1.1,0.55,200000.0
0.1474,3.4,1.1,0.55,0.0
0.15,3.4,1.1,0.55,0.0
