*********************Mat_MetaData***************************************
***Name: ER70S-6_Mild_Steel_thermal_jmatpro
***Method: JMatPro
***Compiled by: Luther Busching
*********************Mat_MetaData***************************************
** MATERIALS
*MATERIAL, NAME=ER70S-6_Mild_Steel
*DENSITY_SOLID
**Units in (tonne/mm^3)
7.67873E-09, 500
*THERMAL_CONDUCTIVITY_SOLID
** Unit: mW/(mm.K)
64.025, 500
*SPECIFIC_HEAT_SOLID
** Unit: mJ/(tonne.K)
435000000,500
*DENSITY_POWDER
**Units in (tonne/mm^3)
5.172262E-09,298.15
5.157361E-09,348.15
5.142315E-09,398.15
5.127125E-09,448.15
5.111790E-09,498.15
5.096310E-09,548.15
5.080686E-09,598.15
5.064916E-09,648.15
5.049002E-09,698.15
5.032943E-09,748.15
5.016740E-09,798.15
5.000391E-09,848.15
4.983898E-09,898.15
4.967260E-09,948.15
4.950478E-09,998.15
4.933550E-09,1048.15
4.916478E-09,1098.15
4.899261E-09,1148.15
4.881900E-09,1198.15
4.864393E-09,1248.15
4.846742E-09,1298.15
4.828946E-09,1348.15
4.811006E-09,1398.15
4.792920E-09,1448.15
4.774690E-09,1498.15
4.756315E-09,1548.15
4.737795E-09,1598.15
4.719131E-09,1648.15
4.700322E-09,1698.15
4.681368E-09,1748.15
*THERMAL_CONDUCTIVITY_POWDER
** Unit: mW/(mm.K)
0.347334,298.15
0.351666,348.15
0.355579,398.15
0.359138,448.15
0.362397,498.15
0.365399,548.15
0.368177,598.15
0.370763,648.15
0.373179,698.15
0.375446,748.15
0.377583,798.15
0.379606,848.15
0.381526,898.15
0.383358,948.15
0.38511,998.15
0.386793,1048.15
0.388416,1098.15
0.389985,1148.15
0.391508,1198.15
0.392992,1248.15
0.394442,1298.15
0.395863,1348.15
0.397261,1398.15
0.398641,1448.15
0.400005,1498.15
0.401358,1548.15
0.402705,1598.15
0.404047,1648.15
0.405388,1698.15
0.406732,1748.15
*SPECIFIC_HEAT_POWDER
** Unit: mJ/(tonne.K)
482604000,298.15
491684000,348.15
500764000,398.15
509844000,448.15
518924000,498.15
528004000,548.15
537084000,598.15
546164000,648.15
555244000,698.15
564324000,748.15
573404000,798.15
582484000,848.15
591564000,898.15
600644000,948.15
609724000,998.15
618804000,1048.15
627884000,1098.15
636964000,1148.15
646044000,1198.15
655124000,1248.15
664204000,1298.15
673284000,1348.15
682364000,1398.15
691444000,1448.15
700524000,1498.15
709604000,1548.15
718684000,1598.15
727764000,1648.15
736844000,1698.15
745924000,1748.15
*DENSITY_LIQUID
**Units in (tonne/mm^3)
6.975573E-09,1648.15
6.942523E-09,1698.15
6.909473E-09,1748.15
6.876423E-09,1798.15
6.843373E-09,1848.15
6.810323E-09,1898.15
6.777273E-09,1948.15
6.744223E-09,1998.15
6.711173E-09,2048.15
6.678123E-09,2098.15
6.645073E-09,2148.15
6.612023E-09,2198.15
6.578973E-09,2248.15
6.545923E-09,2298.15
6.512873E-09,2348.15
6.479823E-09,2398.15
6.446773E-09,2448.15
6.413723E-09,2498.15
6.380673E-09,2548.15
6.347623E-09,2598.15
6.314573E-09,2648.15
6.281523E-09,2698.15
6.248473E-09,2748.15
6.215423E-09,2798.15
6.182373E-09,2848.15
6.149323E-09,2898.15
6.116273E-09,2948.15
*THERMAL_CONDUCTIVITY_LIQUID
** Unit: mW/(mm.K)
27.92928,1648.15
28.48928,1698.15
29.04928,1748.15
29.60928,1798.15
30.16928,1848.15
30.72928,1898.15
31.28928,1948.15
31.84928,1998.15
32.40928,2048.15
32.96928,2098.15
33.52928,2148.15
34.08928,2198.15
34.64928,2248.15
35.20928,2298.15
35.76928,2348.15
36.32928,2398.15
36.88928,2448.15
37.44928,2498.15
38.00928,2548.15
38.56928,2598.15
39.12928,2648.15
39.68928,2698.15
40.24928,2748.15
40.80928,2798.15
41.36928,2848.15
41.92928,2898.15
42.48928,2948.15
*SPECIFIC_HEAT_LIQUID
** Unit: mJ/(tonne.K)
847000000,1648.15
847000000,1698.15
847000000,1748.15
847000000,1798.15
847000000,1848.15
847000000,1898.15
847000000,1948.15
847000000,1998.15
847000000,2048.15
847000000,2098.15
847000000,2148.15
847000000,2198.15
847000000,2248.15
847000000,2298.15
847000000,2348.15
847000000,2398.15
847000000,2448.15
847000000,2498.15
847000000,2548.15
847000000,2598.15
847000000,2648.15
847000000,2698.15
847000000,2748.15
848000000,2798.15
849000000,2848.15
850000000,2898.15
851000000,2948.15